  Height  Frequency  Density
  90.000    0.200     495.0
  94.374    2.772   95100.0
  95.000    2.769   94900.0
  98.083    2.655   87300.0
 100.000    2.655   87300.0
 101.793    2.655   87300.0
 105.000    2.756   94000.0
 105.502    2.772   95100.0
 110.000    2.948  108000.0
 115.000    3.132  121000.0
 120.000    3.295  134000.0
 125.000    3.436  146000.0
 130.000    3.562  157000.0
 135.000    3.675  167000.0
 140.000    3.780  177000.0
 145.000    3.880  186000.0
 150.000    3.977  196000.0
 155.000    4.073  205000.0
 160.000    4.172  215000.0
 165.000    4.275  226000.0
 167.362    4.305  229000.0
 170.000    4.303  229000.0
 175.000    4.286  227000.0
 180.000    4.253  224000.0
 185.000    4.208  219000.0
 190.000    4.151  213000.0
 195.000    4.083  206000.0
 200.000    4.007  199000.0
 205.000    3.923  190000.0
 210.000    3.833  182000.0
 215.000    3.738  173000.0
 220.000    3.639  164000.0
 225.000    3.537  155000.0
 230.000    3.433  146000.0
 235.000    3.327  137000.0
 240.000    3.222  128000.0
 245.000    3.116  120000.0
 250.000    3.010  112000.0
 255.000    2.905  105000.0
 260.000    2.802   97200.0
 265.000    2.700   90300.0
 270.000    2.601   83700.0
 275.000    2.503   77500.0
 280.000    2.407   71700.0
 285.000    2.314   66300.0
 290.000    2.224   61200.0
 295.000    2.136   56500.0
 300.000    2.050   52000.0
 305.000    1.968   47900.0
 310.000    1.888   44100.0
 315.000    1.810   40600.0
 320.000    1.736   37300.0
 325.000    1.664   34300.0
 330.000    1.595   31500.0
 335.000    1.528   28900.0
 340.000    1.463   26500.0
 345.000    1.402   24300.0
 350.000    1.342   22300.0
 355.000    1.285   20400.0
 360.000    1.230   18700.0
 365.000    1.178   17200.0
 370.000    1.127   15700.0
 375.000    1.079   14400.0
 380.000    1.032   13200.0
 385.000    0.987   12100.0
 390.000    0.945   11000.0
 395.000    0.904   10100.0
 400.000    0.865    9250.0
 405.000    0.827    8470.0
 410.000    0.791    7750.0
 415.000    0.757    7090.0
 420.000    0.724    6480.0
 425.000    0.692    5930.0
 430.000    0.662    5420.0
 435.000    0.633    4960.0
 440.000    0.605    4530.0
 445.000    0.579    4140.0
 450.000    0.553    3790.0
 455.000    0.529    3460.0
 460.000    0.506    3170.0
 465.000    0.484    2900.0
 470.000    0.462    2650.0
 475.000    0.442    2420.0
 480.000    0.423    2210.0
 485.000    0.404    2020.0
 490.000    0.386    1850.0
 495.000    0.369    1690.0
 500.000    0.353    1540.0
 505.000    0.338    1410.0
 510.000    0.323    1290.0
 515.000    0.309    1180.0
 520.000    0.295    1080.0
 525.000    0.282     984.0
 530.000    0.270     899.0
 535.000    0.258     822.0
 540.000    0.246     751.0
 545.000    0.235     687.0
 550.000    0.225     627.0
 555.000    0.215     573.0
 560.000    0.206     524.0
